0 1
1 4
4 2
4 3
1 5
1 6
1 19
5 19
6 7
7 8
8 9
9 10
10 11
11 12
12 13
13 14
14 15
15 16
15 17
15 18
19 20
20 21
20 22
20 23
20 24
23 25
25 26 
26 77
77 73
73 78
73 76
73 75
73 74
76 75
73 69
69 70
69 71
69 72
69 66
66 67
66 68
66 63
63 64
63 65
63 60
60 61
60 62
60 59
59 58
58 55
72 73
72 74
74 75
55 56
55 57
55 54
54 53
53 52
52 49
49 50
49 51
49 30
30 29
29 27
29 28
27 2
29 31
31 32
32 33
32 34
32 35
35 36
36 37
37 38
37 39
37 40
40 41
41 42
42 43
43 44
44 47
44 48
47 17
44 45
45 46
48 97
97 94
94 95
94 96
95 96
94 91
91 92
91 93
91 88
88 89
88 90
88 87
87 86
86 85
85 82
82 81
82 80
82 84
81 80
80 79
79 28
80 83
80 84
83 84
84 98
98 99
99 100
100 101
101 102
102 103
103 104
104 105
105 106
105 107
105 108
108 110
110 78
108 109